# Created by create_gmm.py, IMP.isd version 2.15.0
# data_fn: EMD_9171_Pinhead_1-2_gmm.txt
# ncenters: 35
# covar_type: 'full'
# apix: 2.0
# num_samples: 1000000
# num_iter: 10000000
# threshold: 2.95
# force_radii: -1.0
# force_weight: -1.0
# force_weight_frac: False
# use_dirichlet: False
# multiply_by_mass: False
# chain: None
#|num|weight|mean|covariance matrix|
|0|0.025189364319481797|321.16158892953365 229.66188730590295 247.46400633082024|39.50553294894877 -6.506619828644858 -11.770123917778214 -6.506619828644858 47.27200124115851 -2.221631987247661 -11.770123917778212 -2.221631987247659 62.086036336027284|
|1|0.04512268912037509|238.4797560807658 270.60435869449276 283.28732486658237|58.022389959305805 23.27176465344384 -8.645795594706772 23.27176465344384 98.18125169909007 -12.111920187543959 -8.645795594706772 -12.111920187543953 93.45730907823526|
|2|0.02493869161282423|311.6500755244187 269.3060447179463 304.5391851436545|30.851902752591197 3.1108503023899505 -2.281778972496184 3.1108503023899505 126.68617098851009 -12.709459262631267 -2.281778972496184 -12.709459262631269 77.11093010987933|
|3|0.03313674995796068|230.2021303983649 268.434828807168 209.60858431355652|75.05013340791172 37.34549315471828 -26.487356586554107 37.34549315471827 119.05070857167067 -22.870638736687702 -26.4873565865541 -22.870638736687706 53.460586124720145|
|4|0.03924422485996592|298.68788299405253 253.65682598252528 217.59809576581983|62.21608169240559 13.408498460104319 0.5585395222227483 13.408498460104322 59.90332308469999 9.7763554505809 0.5585395222227554 9.7763554505809 56.495854453809834|
|5|0.01862940046714587|175.89861177520132 253.51760448512007 312.05397095385405|32.7831603170697 23.112043431003833 -5.380269812585266 23.11204343100383 87.44308792462868 11.088870829387421 -5.380269812585265 11.088870829387421 197.73320500957053|
|6|0.029886999246946207|290.32829693897577 298.5460421793584 267.27330053903125|97.36706030945648 26.20738086721842 6.779683311758759 26.20738086721841 120.75927270642698 4.791497242355657 6.77968331175876 4.791497242355658 34.404522336179035|
|7|0.048817305863492075|185.5836399267223 242.56884935352747 252.18448074594485|86.06399583196836 0.4455781788432276 -31.881126502292812 0.4455781788432276 244.60224033415085 79.7405922377364 -31.881126502292812 79.74059223773638 168.05871578653134|
|8|0.025457091240276265|226.49136543377662 232.55520097039556 297.453317125218|66.96986109098054 -17.12188183854561 2.3507287753410964 -17.12188183854562 84.65486455951304 -9.754350712781655 2.3507287753410964 -9.75435071278165 52.973765521870604|
|9|0.024502411234327552|265.38201741350485 306.0661438232354 213.70582571495495|113.9375303257965 5.5976610386481305 -6.070508736718414 5.5976610386481305 56.93487228131849 -9.453763811859847 -6.070508736718413 -9.453763811859853 59.22189343855961|
|10|0.02916686924526905|327.4457149859803 227.73900075261065 330.13502691820935|34.89238389452092 -5.0146079538692 -7.407485109114265 -5.0146079538692 50.78791377660851 -2.3591112655610127 -7.407485109114263 -2.359111265561012 60.07143873096344|
|11|0.03863457687252531|211.6487263813652 238.2994133211325 220.55857944210584|96.15341033039451 7.574036662378865 -7.608619363176613 7.574036662378865 79.79466401531029 -6.597070507525732 -7.608619363176619 -6.597070507525737 69.72593797116295|
|12|0.025234626668307593|277.9340302994859 276.460942615868 271.80492009554393|114.18178679071578 5.242800612358557 22.432992483167464 5.2428006123585575 31.185438166167387 -21.818533022514547 22.432992483167446 -21.818533022514547 105.57980903444671|
|13|0.037787647313280937|298.57328287732867 299.13990482382076 211.001858838425|80.28813190938739 -18.507095306203997 5.37711711443862 -18.507095306203997 76.13254325099348 -16.806766306847173 5.377117114438619 -16.806766306847173 58.46251982840993|
|14|0.03020691457162022|192.6563239780196 245.63039316919603 329.45793804787|59.39336183191834 -16.712914702584033 7.646633477255703 -16.71291470258403 207.25515159430157 -10.470725575621675 7.646633477255703 -10.470725575621671 81.78187947690908|
|15|0.02288234108489983|323.90415289801217 228.6939258421282 301.93252878211075|64.92940911938375 -23.00786660832475 22.211021333902895 -23.007866608324747 49.581363973114634 -13.218966910818352 22.211021333902885 -13.218966910818358 68.02507016364314|
|16|0.040254806167812816|255.6380751638055 287.9355691455364 293.78377528415695|119.03189395711165 -17.482797202480377 4.120187079357031 -17.482797202480377 67.68993707075265 8.081921716553513 4.120187079357029 8.08192171655351 79.78312555403518|
|17|0.016026367152798468|318.48621644171095 246.5187836014637 250.50788678029548|41.58996188797305 -39.53186121485441 5.059236125245988 -39.53186121485441 88.42917474808996 -18.03729847889493 5.059236125245989 -18.037298478894925 33.776027023585264|
|18|0.013192774981146325|241.30764352650155 299.20320715265376 212.14531346859445|102.04252141195059 -19.4449645264696 -38.295348828788796 -19.444964526469597 64.26685147915447 12.63995693251817 -38.29534882878879 12.639956932518176 45.586107435234055|
|19|0.02251694040454078|219.37000919539247 252.45683250861538 295.16560298152024|151.7584012098016 28.074913308733798 -20.13753019403437 28.074913308733798 72.1534113773452 -5.269842106285488 -20.137530194034362 -5.269842106285488 46.019836069378506|
|20|0.03714479967424683|264.0390191262189 292.2594435630123 264.2583691696495|59.690204878843446 10.520677160280584 -13.758089970377906 10.520677160280588 123.10446988973463 -3.4406343591976682 -13.75808997037791 -3.4406343591976705 71.96923535887748|
|21|0.03241588658559873|299.91096108484714 287.0590318147347 296.7649131881517|98.04501591940225 0.7826406567734061 18.38188889303017 0.7826406567734043 65.82926638937364 3.2931137278270946 18.38188889303017 3.2931137278270963 55.32993037517531|
|22|0.022460868732285567|321.12154530649775 230.86699609402092 219.03095857937953|45.942496869648544 0.6813926810967557 6.900587309699679 0.6813926810967557 48.49609118972542 -17.14127057124096 6.90058730969968 -17.141270571240966 60.194883030543366|
|23|0.01980773860808796|332.9209357156498 239.47111323365436 234.36768756806168|37.75676873884183 9.49633355082894 -2.423459411555804 9.496333550828936 36.55525362072454 0.8163016124794575 -2.423459411555803 0.8163016124794575 65.41333259870673|
|24|0.034997614627248076|321.01666220612805 243.30842687204526 288.12291073178875|97.46240785044985 -7.286924145062432 4.125008310094832 -7.286924145062434 66.64801066240885 -6.059228351938536 4.125008310094831 -6.059228351938537 42.26382575266708|
|25|0.020586125489651996|196.52838888554868 231.59160522721535 302.0659793414617|75.83063864855255 35.366960164107134 -34.91413369508113 35.366960164107134 125.56761055869069 -60.97217076432797 -34.91413369508113 -60.97217076432796 87.20755552395693|
|26|0.030785892951874685|305.9432277563435 300.3073054853694 284.416815427349|69.42191449932761 -7.56770420549644 -2.328463807144086 -7.567704205496444 56.816521224550634 1.7743714022848387 -2.328463807144086 1.7743714022848405 69.94343264785161|
|27|0.024319744667179347|259.8390021999272 286.24135688723175 213.7515825584669|77.5671170600717 3.417548456046501 -11.60031764942708 3.417548456046501 57.42765096039223 14.200406353491168 -11.600317649427083 14.200406353491168 52.332621967402716|
|28|0.03221695468890111|297.17067690112583 277.5915277680046 216.7304560146129|90.12336885656684 8.569283242037216 48.01347919573565 8.569283242037212 87.17253826341415 10.322909490473899 48.013479195735655 10.3229094904739 77.84284418924265|
|29|0.035366488756905796|273.5513514673385 304.8037827969457 288.97293261498874|84.66962481489323 -1.9359997106357976 1.2683407863179403 -1.9359997106357976 60.60699632442702 -24.034892987529236 1.2683407863179408 -24.034892987529243 93.43660772237429|
|30|0.02051808566731014|338.7434290074049 235.46141812030066 316.1823127563217|37.95150866579102 23.73275060939297 1.29111747848227 23.732750609392966 63.791140366559695 0.08817478656330424 1.29111747848227 0.08817478656330441 56.00407911941374|
|31|0.014898270919073845|171.91394028562243 253.77955315645943 227.03296546952134|31.812299228017594 15.253687982414604 -31.77827934696799 15.253687982414604 68.01220631999882 -35.23194672134365 -31.778279346967995 -35.23194672134365 146.58858569381707|
|32|0.040368937993393146|300.58381171352323 253.39025894997414 295.73874556177014|56.49898206465066 -16.68101218050759 -2.4233319042364077 -16.681012180507594 92.71217368377023 -0.6439688937105466 -2.4233319042364094 -0.643968893710547 66.86850597946199|
|33|0.01413780537885071|325.2561641611689 245.99486069684346 334.410648752942|33.9018933648197 -24.00776504156433 4.595348129800552 -24.007765041564337 88.46019350669059 -17.14149184765305 4.595348129800552 -17.14149184765305 28.724651645281345|
|34|0.029145992874381296|312.65489674328074 243.50000789395938 207.32738408662527|89.28398648007544 11.514994260267425 -8.667000211052088 11.514994260267425 59.761546518020474 -9.60090606988435 -8.667000211052088 -9.60090606988435 34.656781752659924|
